number
0 26 27 35 58 61 69 89 92 100 101 102 115 128 139 140 146 147 155 160 168 181 190 204 223 225 238 250 261 272 287 299 300 301 312 315 321 323 324 327 328 344 351 352 359 364 365 379 382 407 409 418 419 425 427 435 448 478 499 511 526 529 548 549 558 561 563 571 575 583 590 596 599 600 605 610 612 613 616 621 630 633 634 639 641 644 651 656 662 670 692 715 721 728 739 755 762 764 774 779 782 812 832 833 839 845 879 886 892 898 902 908 913 914 923 926 928 934 939 952 954 960 963 968 974 982 985 994 995 999 1003 1005 1011 1017 1020 1024 1026 1041 1042 1044 1046 1063 1069 1083 1087 1089 1095 1099 1114 1116 1125 1127 1129 1130 1137 1138 1162 1165 1206 1213 1216 1232 1246 1269 1275 1278 1280 1287 1288 1290 1293 1297 1323 1330 1332 1341 1342 1344 1348 1352 1363 1365 1377 1392 1397 1398 1409 1430 1432 1434 1440 1447 1448 1458 1482 1486 1501 1505 1505 1542 1544 1554 1557 1564 1578 1588 1593 1595 1599 1611 1622 1623 1630 1631 1646 1653 1664 1672 1675
of
0 8 10 16 19 26 27 40 48 53 54 55 56 56 58 65 69 79 85 89 91 92 101 113 115 116 118 122 125 128 133 139 140 146 147 148 152 157 162 165 167 168 169 171 174 177 181 190 194 204 207 210 215 223 225 226 228 233 236 238 243 245 250 250 252 261 264 268 272 275 277 287 289 297 299 300 301 309 311 312 320 321 323 324 327 331 332 334 344 349 351 352 364 365 373 379 390 391 395 403 407 418 419 427 428 430 435 436 439 446 448 453 460 465 471 482 484 490 499 500 509 511 511 514 521 521 526 535 541 543 544 545 548 549 553 558 561 562 563 571 575 577 581 583 586 587 590 596 600 604 605 610 612 613 616 628 628 630 630 633 635 639 641 645 646 647 651 656 657 662 670 672 676 680 685 690 691 692 698 707 707 713 715 723 733 739 739 749 755 764 774 777 779 779 782 790 811 812 814 814 817 832 833 834 838 841 843 846 850 858 859 868 869 873 874 879 890 894 895 897 898 902 908 913 914 917 923 926 927 928 932 934 939 943 946 947 954 954 959 960 963 968 974 979 982 984 985 988 990 992 994 1003 1007 1011 1011 1017 1020 1024 1026 1029 1039 1042 1044 1046 1047 1050 1058 1063 1063 1064 1069 1074 1078 1089 1091 1092 1095 1098 1099 1109 1112 1114 1116 1122 1125 1127 1129 1133 1135 1137 1138 1158 1160 1163 1163 1165 1175 1176 1179 1182 1183 1199 1213 1216 1218 1218 1233 1242 1246 1251 1261 1263 1271 1275 1278 1280 1287 1287 1288 1289 1290 1293 1296 1298 1301 1301 1307 1323 1330 1332 1338 1338 1340 1341 1346 1347 1349 1352 1361 1363 1372 1376 1377 1377 1384 1389 1392 1395 1395 1398 1399 1400 1400 1407 1409 1425 1425 1426 1432 1437 1440 1444 1444 1447 1448 1458 1461 1482 1486 1502 1504 1505 1517 1522 1533 1542 1544 1547 1554 1557 1563 1564 1568 1568 1573 1578 1584 1587 1588 1597 1599 1606 1610 1611 1613 1617 1622 1622 1623 1624 1626 1630 1631 1632 1632 1633 1640 1642 1645 1646 1661 1662 1669 1669 1672 1674 1675 1677
beautiful
0 176 181 216 427 1241 1520 1570 1589
partitions
0 1069
allocate
1
mailboxes
1
find
2 4 10 51 82 111 113 124 161 177 179 182 245 272 279 311 333 346 363 381 392 446 471 481 497 509 521 522 585 593 604 611 680 708 715 721 734 763 768 784 814 833 838 857 860 899 916 932 946 951 989 1002 1009 1065 1081 1107 1116 1136 1162 1165 1182 1193 1206 1214 1223 1233 1236 1272 1273 1288 1291 1331 1337 1343 1358 1385 1395 1406 1418 1423 1464 1474 1480 1493 1496 1519 1560 1584 1613 1624 1647
the
2 25 25 28 48 71 78 82 91 94 94 101 109 113 115 116 122 139 162 164 168 168 177 181 183 187 232 249 254 261 268 279 301 311 322 325 333 365 372 378 381 387 409 427 436 446 471 479 486 507 509 514 519 521 523 526 530 533 547 571 577 579 581 582 587 593 604 605 614 628 633 645 648 662 664 669 680 680 706 708 712 715 734 741 754 759 768 799 812 814 815 820 833 838 838 851 851 861 867 868 889 896 897 902 905 923 927 932 946 946 959 959 962 964 994 994 1007 1011 1033 1046 1057 1067 1090 1102 1107 1116 1144 1147 1152 1161 1162 1165 1193 1195 1203 1215 1221 1223 1226 1236 1264 1270 1271 1273 1301 1330 1335 1337 1343 1343 1345 1356 1367 1386 1391 1393 1398 1400 1418 1439 1459 1472 1474 1478 1493 1501 1538 1540 1560 1564 1568 1600 1618 1664 1674
smallest
2 16 80 168 177 179 232 253 315 515 519 556 728 803 860 877 978 1018 1028 1051 1083 1150 1170 1214 1229 1240 1241 1244 1258 1330 1336 1349 1361 1523 1558 1563 1605 1620 1664
divisor
2 148
given
2 25 115 136 146 465 496 522 616 721 763 954 1065 1242 1336 1358 1379 1469 1494 1497 1519 1538
a
2 8 12 26 38 48 51 55 56 56 58 61 69 79 79 93 112 122 136 136 146 156 163 165 177 178 206 232 233 238 243 250 255 273 276 287 312 320 325 334 341 343 348 391 391 391 409 419 433 436 437 439 446 448 454 464 465 471 478 481 482 490 521 543 551 566 570 580 609 611 613 616 616 617 635 643 646 674 680 688 695 700 711 721 722 726 737 739 766 779 782 785 793 805 822 822 827 831 832 837 842 856 857 869 927 936 939 942 947 947 954 960 970 985 992 1000 1003 1008 1011 1015 1025 1039 1045 1047 1050 1061 1063 1068 1081 1088 1109 1116 1117 1122 1131 1141 1142 1155 1158 1163 1164 1164 1175 1191 1197 1199 1202 1207 1209 1211 1226 1232 1232 1248 1249 1251 1262 1268 1278 1279 1284 1298 1307 1322 1323 1333 1336 1339 1340 1351 1358 1379 1380 1384 1393 1395 1395 1395 1411 1415 1422 1444 1454 1468 1481 1482 1487 1487 1490 1492 1494 1502 1505 1509 1517 1525 1533 1558 1561 1563 1573 1578 1594 1595 1597 1613 1613 1622 1625 1641 1656 1658 1660
threshold
2 1597 1654
minesweeper
3
users
4 1072 1221 1573
with
4 19 22 29 74 129 147 167 177 179 180 190 217 241 243 247 267 273 278 279 300 306 308 314 320 329 339 340 346 370 397 432 436 467 479 491 501 515 519 525 594 633 653 665 685 700 702 703 710 713 714 785 791 792 807 812 834 848 856 867 878 879 913 919 925 940 956 970 987 994 1015 1018 1093 1115 1137 1141 1148 1152 1164 1167 1169 1193 1195 1220 1225 1258 1262 1269 1279 1280 1287 1288 1306 1321 1331 1333 1336 1351 1352 1361 1377 1393 1406 1414 1439 1441 1443 1446 1447 1455 1488 1494 1496 1519 1529 1532 1549 1563 1579 1597 1602 1606 1611 1648 1654
valid
4 283 411 447 734 737 762 837 891 985 1022 1065 1125 1177 1226 1230 1302 1326 1411 1429 1487 1500 1574 1590 1607 1612 1645
e-mails
4
merge
5 294 355 459 624 738 872 1035 1043 1133 1527 1665 1673
two
5 16 125 135 157 185 235 275 288 305 315 346 355 395 415 459 498 509 544 559 603 604 645 761 763 770 810 858 931 979 984 1011 1040 1047 1058 1074 1075 1091 1132 1133 1171 1187 1202 1204 1294 1301 1372 1418 1484 1504 1506 1541 1542 1633 1645 1646
binary
5 7 8 24 97 107 111 132 152 165 178 191 209 218 226 233 337 390 402 403 406 436 443 445 471 478 492 493 497 505 601 660 668 673 678 688 716 726 740 742 749 750 751 765 777 795 800 802 811 842 857 865 895 917 940 1008 1061 1092 1113 1117 1121 1138 1143 1156 1175 1249 1250 1268 1269 1303 1310 1322 1328 1372 1382 1395 1398 1428 1451 1454 1482 1492 1505 1533 1539 1557 1564 1588 1594 1596 1621
trees
5 209 280 608 668 826
count
6 14 20 21 22 38 65 66 98 101 118 138 139 154 173 180 181 183 202 217 222 241 265 301 308 309 321 324 365 387 409 453 465 475 501 526 555 596 678 684 695 722 774 798 807 852 902 938 941 963 987 988 993 1000 1005 1006 1013 1058 1089 1095 1134 1141 1152 1156 1161 1178 1260 1290 1326 1352 1355 1360 1403 1437 1441 1490 1502 1514 1537 1544 1586 1599 1642
distinct
6 19 167 324 548 1011 1071 1218 1223 1349 1392 1405
numbers
6 20 38 89 91 98 118 144 157 226 252 308 372 454 496 528 574 757 833 846 873 878 1171 1284 1288 1300 1399 1421 1461 1464 1493 1499 1501 1506 1541
on
6 12 73 94 433 448 611 693 695 700 701 937 939 1212 1225 1468 1502
board
6 793 1467
cousins
7 751
in
7 21 24 38 51 56 59 63 65 78 79 93 98 104 111 117 132 136 157 162 202 206 211 219 223 233 245 287 312 313 325 334 336 348 362 363 365 371 374 382 391 392 406 419 437 449 452 454 464 468 478 490 497 505 528 544 550 555 566 571 582 585 586 588 593 613 617 621 655 680 688 708 726 731 743 751 755 758 782 790 793 811 817 821 822 827 842 846 852 853 856 857 865 869 880 881 901 906 910 922 942 947 949 951 954 955 960 965 985 992 993 994 1006 1009 1015 1025 1030 1035 1043 1045 1046 1056 1061 1068 1077 1083 1114 1126 1131 1134 1136 1141 1142 1149 1156 1161 1164 1209 1210 1227 1240 1244 1248 1249 1257 1264 1267 1268 1270 1284 1285 1310 1313 1317 1323 1339 1365 1378 1380 1395 1411 1415 1421 1422 1423 1445 1454 1463 1464 1468 1487 1493 1505 1509 1517 1523 1525 1535 1538 1539 1551 1557 1558 1578 1587 1591 1618 1641 1656 1658 1660
tree
7 8 24 55 96 107 111 152 165 191 194 218 233 337 353 392 403 406 443 445 463 466 488 493 505 512 576 601 607 660 666 673 688 716 723 726 729 740 742 749 750 751 777 795 800 802 811 827 842 857 895 917 951 1002 1008 1061 1092 1113 1117 1121 1143 1156 1173 1249 1250 1310 1328 1382 1395 1395 1428 1451 1454 1482 1492 1509 1533 1539 1596 1617 1621 1641 1656
ii
7 39 47 87 114 126 196 199 201 216 258 359 369 405 461 524 554 558 589 591 654 673 699 718 769 849 863 871 876 881 887 910 912 933 977 983 996 1023 1074 1081 1082 1097 1100 1110 1113 1171 1181 1237 1266 1276 1283 1319 1348 1353 1394 1405 1430 1500 1518 1542 1550 1562 1565 1603 1605 1650 1680
vertical
8 931 1444
order
8 59 117 445 607 673 790 1173 1240 1445 1538 1621
traversal
8 337 445 463 607 673 696 716 729 742 750 1250 1428 1621
game
9 48 142 332 422 470 568 611 637 638 718 795 838 932 946 953 961 966 1059 1119 1123 1282 1320 1374 1402 1516 1550 1577 1678
play
9 1320
analysis
9 967 1320 1410 1413
iv
9 269 569 836 882 1119 1186 1202
center
10
star
10 1307
graph
10 79 313 314 326 348 617 840 947 1307 1525 1576 1654
bulls
11
and
11 21 31 52 85 159 172 217 245 297 309 339 358 426 438 460 516 537 628 665 677 682 687 712 735 742 750 757 771 791 806 819 847 852 880 880 903 916 924 925 928 951 976 1005 1021 1032 1042 1065 1072 1127 1143 1192 1238 1244 1265 1326 1356 1362 1376 1428 1431 1433 1444 1453 1529 1532 1537 1565 1624 1657 1683
cows
11
maximum
12 13 27 53 68 69 85 116 133 136 147 155 157 167 171 191 223 229 238 259 262 263 267 268 276 289 292 300 309 320 333 334 340 344 354 367 403 414 419 431 450 482 485 513 520 529 544 558 563 577 578 623 639 645 646 660 665 670 676 691 698 701 713 714 715 723 739 766 767 779 806 825 841 850 866 879 895 898 905 919 922 923 936 943 948 949 954 960 963 974 1001 1020 1024 1027 1029 1039 1057 1088 1099 1113 1118 1129 1158 1193 1210 1228 1239 1248 1252 1258 1293 1294 1298 1301 1307 1310 1318 1356 1363 1378 1401 1407 1431 1439 1444 1448 1452 1456 1461 1483 1511 1515 1545 1560 1597 1606 1635 1645 1648 1666 1679
deletions
12 420 560 1570
string
12 29 47 51 72 109 163 219 232 255 276 279 287 320 334 360 362 390 402 412 429 430 439 446 447 464 465 469 471 497 540 551 560 565 566 586 593 609 613 616 621 622 636 643 643 680 681 697 707 728 737 765 815 837 863 896 910 927 978 1003 1016 1018 1025 1030 1031 1036 1056 1075 1122 1138 1142 1154 1170 1175 1188 1199 1220 1229 1241 1262 1313 1322 1329 1336 1340 1365 1398 1400 1412 1415 1507 1512 1530 1564 1574 1578 1596 1615 1637 1675
score
13 106 263 276 436 440 474 515 646 648 767 792 814 866 868 905 1047 1152 1158 1182 1195 1204 1263 1483 1560 1567 1667
words
13 125 223 298 395 415 518 685 985 1000 1024 1025 1040 1201 1339 1494 1521
formed
13
by
13 18 32 68 173 197 235 252 310 317 355 364 498 538 597 602 605 623 644 648 655 694 759 781 786 808 820 824 835 936 938 1040 1088 1097 1204 1268 1296 1457 1477 1482 1489 1553 1681
letters
13 39 661 1357 1581
largest
14 74 129 261 392 400 437 510 575 617 621 644 719 818 845 925 952 1068 1112 1132 1133 1142 1174 1196 1244 1365 1441 1443 1454 1477 1497 1546 1670
group
14 25 25 781 820 1140 1237 1260
shortest
15 95 108 260 314 464 702 865 1015 1048 1093 1337 1525
completing
15
word
15 42 125 145 336 371 391 391 452 888 912 1029 1101 1276 1408 1441
kth
16 55 177 437 497 648 897 1083 1454 1558 1593 1620 1664
product
16 91 122 513 544 584 628 967 990 1029 1091 1218 1294 1301 1410 1461 1568 1670
sorted
16 38 127 177 193 218 242 245 374 459 798 869 906 924 929 977 1045 1050 1121 1139 1283 1504 1558 1626 1665 1675
arrays
16 235 244 315 355 509 583 604 645 858 979 1058 1074 1075 1179 1187 1280 1418 1486 1504
lru
17
cache
17 594 760
increment
18 423 1333
submatrices
18 807 987 1246
one
18 93 173 264 360 390 432 466 507 843 1268 1411 1496 1505 1634 1643
substrings
19 29 149 173 190 407 429 563 610 678 1056 1129 1290 1425 1462
size
19 25 104 559 672 1122 1175 1477
three
19 93 206 252 275 610 721 824 1063 1112 1244 1279 1289 1370 1461 1566
characters
19 159 204 320 412 487 548 610 804 808 1132 1262 1349 1363 1446 1455 1488 1530 1552
good
20 101 161 225 265 701 1003 1006 1026 1051 1156 1158 1561 1586 1631
hills
21
valleys
21
an
21 57 78 84 98 113 131 133 151 157 188 236 248 273 334 335 363 382 421 544 582 585 588 628 814 852 922 932 974 993 1006 1030 1038 1126 1134 1160 1165 1167 1182 1189 1233 1267 1376 1423 1463 1464 1468 1568 1674
array
21 32 33 78 85 86 88 104 112 113 124 127 131 136 157 162 164 207 210 212 218 224 236 245 248 273 273 311 333 334 335 350 352 363 374 376 378 382 421 423 436 440 446 464 495 507 509 530 541 544 547 572 582 585 588 589 593 597 647 652 652 669 705 710 773 775 797 801 814 835 846 852 855 869 906 924 929 932 938 939 943 949 965 968 973 974 1001 1006 1009 1030 1045 1050 1097 1114 1126 1134 1151 1160 1167 1169 1174 1176 1182 1187 1190 1215 1218 1223 1226 1233 1236 1256 1266 1267 1291 1291 1292 1296 1296 1317 1335 1345 1350 1376 1378 1380 1404 1421 1423 1426 1435 1440 1457 1459 1463 1464 1469 1473 1475 1493 1524 1528 1538 1554 1561 1568 1570 1582 1584 1589 1604 1612 1628 1681
integers
22 69 185 202 220 288 324 325 467 481 567 605 613 691 721 759 984 1148 1403 1458 1601 1634
even
22 31 45 252 428 512 691 708 747 873 1042 1150 1205 1288 1354
digit
22 102 315 398 496 590 644 1005 1005 1088 1094 1142 1199 1376
sum
22 41 85 88 115 133 143 147 162 167 177 215 222 228 229 247 262 304 305 340 346 442 461 467 482 484 491 494 537 545 546 553 569 590 603 625 628 654 655 657 660 663 690 702 707 721 767 785 794 806 817 824 825 833 850 858 869 873 890 921 940 949 966 984 1004 1012 1063 1070 1094 1098 1127 1174 1176 1180 1187 1198 1199 1202 1233 1234 1246 1253 1280 1281 1300 1307 1310 1331 1338 1361 1376 1376 1379 1399 1425 1426 1439 1454 1456 1489 1536 1562 1597 1598 1611 1624 1626 1632 1633 1642 1658 1661 1669
minimum
23 28 30 34 50 73 84 88 89 92 130 137 156 164 189 243 244 290 294 303 305 323 330 343 350 352 370 373 378 380 394 420 421 423 429 435 477 491 508 514 523 534 549 560 561 570 576 583 589 590 595 600 609 641 654 703 705 765 777 794 806 816 822 826 827 830 833 834 858 867 885 907 934 937 939 947 950 951 982 992 1033 1044 1047 1061 1067 1079 1080 1108 1157 1177 1184 1188 1191 1195 1197 1198 1204 1212 1213 1237 1244 1257 1266 1278 1280 1297 1312 1319 1323 1335 1341 1345 1356 1366 1379 1384 1398 1404 1411 1414 1440 1445 1475 1481 1482 1489 1520 1540 1542 1554 1564 1570 1571 1574 1587 1588 1590 1591 1594 1633 1634 1651 1652 1664 1667 1672 1675 1676 1682
operations
23 84 88 156 164 263 324 335 352 378 474 547 556 561 583 641 705 883 978 1167 1266 1278 1280 1345 1360 1440 1482 1567 1634 1652 1675 1677
to
23 23 25 26 28 28 30 40 50 58 69 70 73 84 84 88 102 112 140 156 164 189 193 211 218 231 232 234 242 244 265 294 303 318 323 335 339 342 343 350 352 373 378 380 385 412 412 420 421 423 428 435 440 442 464 466 477 478 485 487 488 493 499 507 514 518 523 525 532 534 541 547 549 551 560 561 561 565 570 583 589 595 600 602 609 612 616 641 642 703 705 711 716 721 738 745 749 754 754 763 765 766 766 770 773 791 822 827 830 847 872 883 885 892 908 913 928 937 939 957 968 974 977 988 993 1003 1017 1017 1033 1037 1046 1048 1067 1067 1079 1108 1121 1137 1139 1176 1177 1184 1187 1188 1191 1191 1192 1206 1213 1237 1246 1256 1260 1266 1270 1271 1278 1283 1287 1297 1300 1309 1322 1329 1335 1345 1360 1366 1379 1379 1384 1387 1398 1404 1408 1411 1438 1440 1440 1443 1447 1459 1469 1475 1481 1482 1489 1505 1505 1507 1515 1520 1530 1532 1542 1554 1559 1564 1565 1570 1574 1575 1588 1588 1590 1591 1594 1595 1597 1613 1623 1634 1638 1651 1664 1667 1675
reduce
23 84 1190 1505
x
23 56 82 710 710
zero
23 339 754 835 925 1206 1271 1354 1360 1496 1588 1634
linked
24 192 239 478 482 493 747 796 853 884 1007 1035 1131 1211 1353
list
24 103 175 192 239 331 478 482 493 747 780 796 848 853 884 930 1007 1121 1131 1163 1163 1211 1353 1396
people
25 70 312 701 1144 1163 1575
they
25
belong
25
ways
26 58 112 140 250 265 499 612 616 913 928 968 974 993 1003 1017 1046 1260 1680
divide
26 185 376 409 562 570 846 923 1122 1672
long
26 1470
corridor
26
robots
27
within
27 149 213 395 1155
budget
27 149
cost
28 90 243 244 294 300 303 421 508 514 576 834 1067 1104 1193 1411 1475 1481 1559 1591 1651
move
28 561 618 1191
chips
28
same
28 82 93 614 633 653 878 994 1011 1046 1581 1602
position
28 58 245 503 734 805 1073
partition
29 399 430 442 546 973 974 1001 1187 1226 1469 1528
into
29 89 255 273 376 562 652 923 973 1122 1187 1460 1492 1628 1672
values
29 78 255 355 498 576 719 856 1020 1039 1068
at
29 136 146 390 469 496 520 559 575 702 734 937 1212 1268 1304 1411 1455 1579
most
29 99 272 329 382 390 496 520 587 664 1107 1205 1212 1268 1536 1602 1656
k
29 58 78 91 123 153 167 179 187 213 256 298 310 333 340 362 442 460 467 474 477 485 501 505 513 520 536 584 630 655 698 702 784 803 817 833 846 913 938 1001 1105 1122 1137 1148 1155 1175 1212 1295 1304 1341 1350 1352 1438 1439 1447 1455 1458 1559 1598 1651 1661 1665 1681
consecutive
30 226 255 477 481 567 721 804 846 878 911 1020 1085 1239 1341 1370 1628
cards
30 56 117 259
pick
30 1306 1315 1549
up
30 1443
sort
31 32 131 175 372 538 605 648 759 808 930 1082 1097 1144 1335 1457 1482 1524 1553 1637
odd
31 45 98 512 681 747 856 917 1042 1262 1354 1365 1611
indices
31 161 715 1423
independently
31
increasing
32 117 164 507 565 926 997 1027 1036 1100 1173 1243 1422 1471 1514 1555
frequency
32 318 354 450 587 808 1096
monotonic
33
sideway
34
jumps
34 1079
reformat
35 756 896
phone
35 832
subrectangle
36
queries
36 152 394 448 639 700 726 873 990 1281 1362 1381 1509
distribute
37 70 406 1515 1601
candies
37 70 485 812 834 1252
negative
38 74 309
matrix
38 106 150 177 178 197 282 541 554 606 625 655 679 856 865 944 962 970 972 1065 1068 1109 1268 1284 1422 1548 1558 1588 1588 1658
shifting
39
add
40 288 428 466 620 732 934 1171 1379 1443 1506 1590 1663
array-form
40
integer
40 74 84 119 231 309 309 342 363 478 518 556 628 1165 1189 1212 1358 1427 1443 1474 1507 1520 1629
continuous
41 108 352 525 581 1555
subarray
41 77 108 170 215 229 289 310 525 578 584 657 665 667 702 843 1158 1401 1456 1598 1626
subsets
42 139 427 442 963
check
43 125 165 204 325 360 371 390 391 454 643 674 737 757 772 837 924 1005 1063 1075 1151 1175 1226 1304 1391 1487 1561 1581 1610 1649 1681
knight
43 208 758
tour
43
configuration
43
can
44 158 197 259 333 344 360 362 371 558 643 837 1013 1020 1024 1058 1189 1252 1386 1491 1619 1666
place
44 1046
flowers
44 755
jump
45 347 637 718 983 1282
destination
46 830 1591
city
46 754 1540 1618
compression
47 622
determine
48 197 810 1251
winner
48 611 932 946 1203
bowling
48
first
49 166 234 245 566 593 680 908 1368
completely
49
painted
49
row
49 392 466 619 687 757 880 919 1065 1149 1602
or
49 82 93 160 359 525 710 1031 1157 1228 1258 1372 1496 1597 1602
column
49 687 757 880 1065 1602
time
50 73 146 200 303 373 416 502 523 534 594 641 676 711 749 791 822 827 830 847 851 885 937 957 1080 1184 1192 1322 1465 1497 1532 1547 1565 1591 1640 1676
complete
50 301 534 601 1108
all
50 51 79 161 204 325 428 436 484 487 505 519 522 543 549 561 585 610 635 668 685 705 745 754 757 790 807 814 827 910 957 987 1048 1080 1108 1175 1182 1184 1237 1245 1271 1304 1326 1400 1423 1425 1440 1464 1488 1493 1517 1624 1649 1649 1662
tasks
50 380 489 1108
anagrams
51 124 1140 1355
recyclable
52
low
52
fat
52
products
52 480 820 1459
length
53 167 169 289 320 429 581 650 954 1301 1304 1347 1400 1406 1509 1597
pair
53 860 949 1039
chain
53
groups
54 238 468 538 670 923 1122 1261 1672
strings
54 135 148 265 305 360 365 396 453 487 555 732 770 798 810 883 902 903 1014 1105 1133 1261 1287 1338 1366 1400 1415 1542 1627 1632 1645 1673
ancestor
55 1183
node
55 79 192 331 353 646 731 763 792 881 908 1061 1395 1660
kind
56
deck
56
verifying
57
alien
57
dictionary
57 336 395 452 616 1449
reach
58 61 189 549 703 830 1079 1591 1619 1664 1667
after
58 106 118 124 152 187 210 262 276 324 429 444 474 503 513 520 556 590 644 707 843 873 952 978 1000 1046 1182 1185 1212 1232 1281 1361 1414 1431 1444 1452 1458 1567 1587 1677
exactly
58 333 340
steps
58 520 773 1046 1505 1542
print
59 232 787 1328 1354
lemonade
60
change
60 266 514 871
capital
62 377 1067
gain/loss
62
swap
63 205 360 432 753 1313 1545
nodes
63 137 211 225 306 313 321 428 443 505 519 549 726 735 743 763 796 923 988 994 1043 1131 1152 1156 1437
pairs
63 116 179 207 225 297 299 376 379 453 511 526 651 687 690 785 829 852 927 938 1012 1026 1052 1134 1141 1275 1287 1294 1350 1352 1437 1463 1599 1624 1681
base
64 817 1051
7
64
matches
65
tournament
65
palindromic
66 154 408 456 593 599 845 1301 1324 1462
subsequences
66 115 154 631 650 764 914 1071 1091 1301 1324 1405 1578 1628
permutations
67 405 1230
rows
68 177 1099
covered
68 325 936 1299
columns
68 193 242 521 977 1099
choose
69
from
69 102 107 127 130 158 163 259 263 315 322 331 415 460 481 486 522 576 639 650 698 719 728 742 745 750 761 796 797 803 866 908 989 1037 1170 1189 1207 1252 1291 1305 1428 1473 1535 1596 1679
range
69 98 122 228 253 325 365 528 803 809 921 990 1070 1141 1155 1253 1468 1518 1605 1626 1642
i
69 141 253 281 285 413 640 748 967 1147 1320 1401 1491
open
71
lock
71
shuffle
72 248 530 744
speed
73
arrive
73 937
positive
74 166 309 691 1358 1489 1593
that
74 82 94 115 138 173 252 272 344 409 558 721 1001 1013 1058 1246 1262 1343 1386 1395 1443 1666
exists
74
its
74 1127
longest
75 77 94 134 170 247 251 264 336 348 369 408 411 452 456 471 473 525 581 640 665 688 708 734 752 790 843 926 935 997 1040 1055 1085 1100 1126 1154 1200 1242 1295 1325 1347 1359 1419 1422 1446 1455 1479 1543 1552 1555 1647 1668
uploaded
75
prefix
75 311 391 440 509 1238 1325 1494 1632 1668
filling
76
bookcase
76
shelves
76
turbulent
77
strongest
78
ancestors
79
directed
79 617
acyclic
79
k-th
80 860 1240 1400 1551
prime
80 528 564 649 1077 1218 1361 1557
fraction
80 172
dota2
81
senate
81
nearest
82 1535
point
82 772 1095 1209 1227
has
82 390 664 1005
y
82
coordinate
82 714
insert
83 1073 1436 1492
delete
83 135 193 242 305 735 955 977 1149 1433 1436 1660
getrandom
83 1436
o(1)
83 1436
-
83 921 1070 1110 1202 1253
duplicates
83 127 585 910
allowed
83
0
84
circular
86 132 229 240 464 739 838 946 1194 1259
loop
86
memoize
87 1580
halve
88
partitioning
89 199 686 727
deci-binary
89
closest
90 304 528 627 726 763 768 784 789 1176 1206 1438 1609 1613
dessert
90
last
91 245 495 635 908 1270
removing
92 124 163 210 429 866
magic
92 1196 1449
beans
92
alert
93
using
93 232 489 1671
key-card
93
more
93 374 1166
times
93 1125 1138 1295
hour
93
period
93
employee
94 246 302 479 1274
worked
94
task
94 201 864
bridge
95 711
construct
96 728 742 750 799 1105 1169 1220 1428 1596
quad
96
gap
97
interval
98 103 473 595 1480
popular
99
video
99
creator
99
fibonacci
100 833 1222 1347
subarrays
101 123 147 167 181 235 241 501 850 879 894 939 940 1089 1137 1148 1258 1296 1331 1447 1508
remove
102 120 127 318 322 331 507 536 543 614 615 796 910 1120 1177 1184 1299 1357 1655
maximize
102 187 236 440 650 761 1432 1466 1540 1567 1578 1674
result
102 602
intersections
103
n-repeated
104
element
104 141 187 196 245 374 437 507 587 843 1033 1045 1081 1120 1186 1205 1225 1317 1376 1431 1442 1558
2n
104
not
105 1163
boring
105
movies
105
flipping
106
create
107 529 653 872 929 1420 1538
descriptions
107
unsorted
108
make
109 112 156 158 164 193 224 233 235 242 244 323 350 352 360 378 412 420 423 428 435 487 507 547 548 560 583 705 754 765 770 773 835 883 909 977 1020 1139 1177 1256 1266 1271 1283 1345 1366 1398 1411 1440 1459 1475 1520 1530 1542 1554 1564 1570 1574 1590 1634 1675
great
109 1069
burst
110 600
balloons
110 600
mode
111
search
111 218 726 842 842 906 971 1008 1073 1117 1121 1173 1238 1303 1492
fair
112 205 526
k-sum
113 299
h-index
114 626
satisfy
115
condition
115 1351
minimize
116 307 602 645 699 720 943 949 959 965 1187
difference
116 367 381 394 604 681 794 806 880 1001 1027 1088 1187 1189 1223 1242 1244 1257 1294 1312 1352 1376 1587 1676
reveal
117
smaller
118 217 1501
self
118 573 1499
replacement
119 935
invalid
120 854
parentheses
120 283 411 577 602 609 737 778 837 1177 1263 1590 1645
dice
121
roll
121
simulation
121 1086
abbreviating
122
divisible
123 252 310 655 818 824 852 938 1681
elements
123 153 210 217 217 340 544 547 589 597 633 705 710 784 803 857 969 1027 1182 1204 1225 1256 1267 1379 1404 1440 1473 1587
resultant
124
if
125 204 325 360 371 390 391 454 614 643 674 737 757 772 810 837 924 1005 1063 1075 1175 1226 1304 1391 1487 1561 1610 1649 1681
equals
125 147 1098 1598
summation
125
redundant
126 1076
connection
126 1076
closed
128
islands
128 475
substring
129 251 264 286 408 471 543 581 685 708 779 790 815 952 954 1132 1193 1381 1455 1519 1552 1635 1647
variance
129
space
130
wasted
130
packaging
130
permutation
132 219 338 386 432 684 700 797 1278
representation
132 1505 1557
hourglass
133
palindrome
134 199 323 563 649 650 686 727 752 768 770 829 877 1040 1105 1130 1406 1500 1607 1670
operation
135 564 588 1333
for
135 280 302 305 508 629 749 805 815 1099 1147 1197 1226 1230 1247 1318 1358 1497
value
136 252 290 334 392 431 514 617 653 698 759 841 1002 1005 1149 1236 1244 1330 1336 1346 1361 1418 1452 1489 1519 1523 1613 1677
index
136 469 680 899 1315 1380 1633
bounded
136 879
distance
137 180 464 505 860 915 1033 1039 1159 1418 1682
between
137 180 806 880 931 969 1027 1035 1039 1043 1047 1132 1244 1294 1376 1418 1484 1581 1646
bst
137 228 488 872 1032 1202 1257 1310 1660
servers
138 272 489
communicate
138
square-free
139
paint
140 813
n
140 444 496 676 897 1400 1529 1567 1572
ã—
140
3
140 850
grid
140 156 206 357 419 521 580 639 822 960 1015 1161 1279 1323 1374 1411 1466 1478 1487 1517 1594
next
141 196 386 731 881 886 1186 1442
greater
141 196 217 488 710 886 925 1186 1214 1442
stone
142 568 961 1119 1123 1516 1550 1678
vi
142 1282
combination
143 569 925 1247 1562
lexicographical
144 1240 1400
ladder
145 912
students
146 256 358 648 868 1166 1623
doing
146
homework
146
non-overlapping
147 346 557 563 630 850 1129 1227
target
147 346 464 616 703 738 745 939 1004 1033 1169 1176 1191 1214 1246 1287 1443 1530 1538 1613 1667
greatest
148 812 824 1149 1225
common
148 260 290 327 509 1183 1359 1477 1479 1668
get
149 206 477 905 1048 1189 1252 1378 1489
equal
149 204 233 235 339 354 360 376 442 487 525 546 547 548 562 574 589 687 705 710 835 852 883 909 988 1005 1058 1099 1132 1137 1266 1271 1280 1287 1331 1366 1404 1440 1447 1475 1566 1583 1597
pyramid
150
transition
150
design
151 188 198 239 240 295 314 366 383 462 542 831 844 981 1128 1259 1327 1333 1375 1424 1614 1625
atm
151
machine
151 1640
height
152 623 783 786 826 1511
subtree
152 194 519 988 1523 1536
removal
152 189 1587
top
153 256 298 1450
frequent
153 298 382 587 1205 1536
different
154 613 764 1017 1148 1279 1446
third
155
uni-value
156
xor
157 311 484 588 720 823 858 1058 1141 1271 1318 1381 1624 1662
arithmetic
158 527 656 1110 1242 1508
progression
158
sequence
158 646 1085 1146 1222 1230 1600
1-bit
159
2-bit
159
guess
160 359
higher
160 359
lower
160 359 385
beauty
162 268 667 1425
stars
163
completeness
165
missing
166 556 839 1272 1523 1593
unoccupied
168
chair
168
checking
169
existence
169
edge
169 792 840
limited
169 247
paths
169 211 233 349 361 655 745 754 800 867 908 1249 1631
nice
170 251 1089 1134 1432
tastiness
171
candy
171 205 730
basket
171
addition
172 1518 1520
subtraction
172 564
differ
173
character
173 264 420 460 566 935
power
174 733 759 874 1289
heroes
174
insertion
175 1452
arrangement
176 216
reconstruct
178 975 1305
2-row
178
sums
179 206 310 909 1065 1169 1587 1626
subtrees
180 182
max
180 299 433 470 911 1091 1139 1189 1283 1346 1522 1661
cities
180 1047
duplicate
182 517 955 1136 1162 1357
hidden
183
sequences
183 746
slowest
184
key
184 186 382 700
license
186
formatting
186
topmost
187
moves
187 323 350 362 589 703 960 1188 1191 1213 1244 1404 1667
ordered
188
stream
188 437 481 989 1010
obstacle
189 734
corner
189
only
190 661
1s
190
random
192 848 972 1209 1227 1306 1315 1549
iii
193 257 282 316 361 458 663 717 727 813 991 1025 1192 1255 1410 1413 1434 1442 1516 1653
another
194 643 1163 1296
function
195 672 844 1321 1369 1420 1613 1643
composition
195
whether
197
be
197 344 371 558 749 766 837 1013 1666
obtained
197 1000
rotation
197 515
browser
198
history
198
based
200 693 701
key-value
200
store
200
scheduler
201 864
intervals
202 557 969 973 1010 1299 1672
goal
203
parser
203 221 434
interpretation
203
have
204 662 1262
occurrences
204 543 692 779 1185 1563
biggest
206 634
rhombus
206
doubled
207 1291
dialer
208
flip
209 565 716 972 1099 1268
equivalent
209 651 1075 1229
mean
210
some
210 1046
insufficient
211
root
211 321 1098 1300
leaf
211 225 576 1170 1300
nesting
212 577 1645
cheapest
213
flights
213
stops
213 982
diagonal
214 625 849 1077
traverse
214 849
ranges
215 555 1260
strictly
217 507 599
convert
218 273 362 478 488 641 652 707 889 1121 1188 1297 1329 1588 1595
powerful
220
mini
221
square
222 400 987 1022 1126 1196 1251 1302 1309 1399 1597
triples
222 339
found
223 498
sentences
223 415
empty
224
concatenation
226 647 685 1151 1236 1287
pacific
227
atlantic
227
water
227 329 449 769 771 1219 1639
flow
227
airplane
230
seat
230 958 1213 1503
assignment
230
probability
230 758 1011 1648
roman
231 342
robot
232 1086 1638
lexicographically
232 877 978 1229 1241
costs
233
letter
234 318 338 451 586 832 1000 1040 1214 1563
appear
234
twice
234 575
reversing
235
greatness
236
super
237 724 995 1585 1659
pow
237
entering
238
competition
238 922 1384
queue
240 312 786 945 1327
fixed
241 1406
bounds
241
path
243 267 314 370 461 494 654 660 663 688 737 865 1015 1047 1048 1055 1093 1198 1200 1248 1268 1314 1411 1422 1446 1467 1487 1539 1648 1656
special
243 402 710 1106 1164 1239 1403
roads
243 1407
total
244 268 439 596 959 1159 1407 1559 1669 1682
unequal
244 1114
importance
246 1407
subsequence
247 304 369 412 456 545 640 825 926 997 1100 1107 1110 1145 1180 1195 1242 1295 1347 1349 1359 1364 1419 1445 1471 1483 1543 1555 1563
solve
249
equation
249 1346 1358
cutting
250
pizza
250 278
average
252 414 506 811 988 1054 1312 1356 1401 1640
are
252 325 454 614 810 1075 1304 1501 1681
pass
254 414
pillow
254
splitting
255 276 590
descending
255
reward
256
course
257 734 882
schedule
257 882
cherry
258 1217
pickup
258 1217 1326
points
259 300 433 441 448 499 639 722 922 931 931 1080 1438 1448
you
259 333 662 1020 1024 1189 1252 1619
obtain
259 1360
supersequence
260
customer
261 788 1385
placing
261
orders
261 490 571 1572
segment
262 390
removals
262 1458 1554
performing
263 1677
multiplication
263 1083 1397
repeating
264 935 1455 1552 1601 1635
build
265 333 797 970 993 1167
coin
266 871
gold
267
gardens
268
house
269 458 813
robber
269 458
rearranging
270 1431
fruits
270 520
four
271 590 733
divisors
271 789 1432
handled
272
requests
272 664 898
2d
273 355 357 652 1253
conditions
273 970
possible
274 321 522 668 1078 1212
bipartition
274
out
275 349 635
longer
277
contiguous
277 855
segments
277 287 630 761 1271
ones
277 390 567 677 807 880 911 919 987
than
277 374 525 584 710 925 1166 1214 1501 1597 1661
zeros
277 517 880 1043 1248
3n
278
slices
278 527 1110
lcp
279
cut
280 694 1481
off
280
golf
280
event
280 1417
my
281 316 1650
calendar
281 316 1650
spiral
282 554 606
grumpy
284
bookstore
284
owner
284
article
285
views
285
repeated
286 289 697 1295
pattern
286 916 1101 1277
bulb
291 876
switcher
291 876
ice
292
cream
292
bars
292
ipo
293
stones
294 438 866 1602
bitset
295
tag
296
validator
296
successful
297
spells
297
potions
297
components
301 653
primary
302
department
302
each
302 346 364 392 460 561 595 731 734 881 1017 1095 1149 1317 1318 1523
set
303 496 559 1111 1557
cooking
303
ascii
305
reachable
306 313 772
restrictions
306
malware
307 699
spread
307 699
unique
308 320 361 364 420 423 479 566 692 1056 1153 1254 1324 1458
digits
308 409 536 582 590 620 628 707 817 980 1212 1243 1288 1305 1390 1443 1488 1497
original
311 669 1291 1305
visible
312 913 1448
subdivided
313
calculator
314 836 1231
form
315 616 738 939 1058 1296 1379 1443
rank
317 388 1109 1334
teams
317 562 1544
votes
317
equalize
318
single-threaded
319
cpu
319
concatenated
320 1201
sub-folders
322
filesystem
322
reverse
324 401 661 743 863 917 1025 1052 1127 1340 1427 1615 1652
is
326 655 674 737 772 833 924 1001 1063 1138 1163 1202 1226 1364 1391 1487 1561
bipartite?
326
factors
327 1218 1361
single
328 634 872 1045 1348 1653
container
329
incompatibility
330
nth
331 398 497 1342
end
331
life
332
where
333 712
comparisons
333
apply
335 883 1317 1387 1572
preorder
337 463 716 742 1428 1533
case
338 385
bitwise
339 665 823 883 894 925 1258 1624 1662
parsing
341
boolean
341
expression
341 514 602 841 868 870 1286 1663
lines
343 1124
represent
343
line
343 433 630 674
chart
343
events
344 558
attended
344 558 1573
exam
345 1674
room
345 1609
sub-arrays
346 1611
frog
347 503 983
cycle
348 884 1353 1509 1525
boundary
349
complementary
350
atoms
351
summing
355
destroy
356
sequential
356 1390
targets
356
shift
357
examinations
358
lucky
363 1284
subjects
364
taught
364
teacher
364
vowel
365 455 555 798
hashset
366
genetic
367 816 1523
query
367 595 921 1070 1253 1318
champagne
368
tower
368
uncommon
369 415 640
effort
370
placed
371
crossword
371
jumbled
372
amount
373 749
collect
373 827 1641
garbage
373
appearing
374
25%
374
teemo
375
attacking
375
detect
377 1053
alternating
378 765 825 1093 1094 1269 1398 1564
excellent
379
initial
380
energy
380
finish
380 523
following
382
memory
383 531
allocator
383
flood
384 1618
fill
384
repetitions
387
sequentially
388
ordinal
388
tracker
388 1096
poor
389
pigs
389
occurs
391
as
391 1010 1372
any
391
sentence
391 454 579 592 717 985 1194 1339 1391
rotate
393 540 1369
image
393 1060
absolute
394 525 794 841 869 1200 1257 1352
edits
395
buddy
396
best
397 791 805 847 1192 1532 1565
team
397 1028 1298
no
397 931 1377 1661
conflicts
397
labels
399 719
1-bordered
400
evaluate
401 927 1168
polish
401
notation
401
width
403 521 948
rle
404
iterator
404 780 1172 1247
coins
406 698 904 1641
wonderful
407
strong
410 1603
password
410 1603
checker
410 783 1603
append
412 467
student
413 1343 1394
attendance
413 1394
record
413 1394
ratio
414
network
416 714 851 1334
delay
416
building
417 1511 1619
h2o
417
music
418
playlists
418
fish
419
frequencies
420
split
421 491 691 693 770 853 968 1003 1174 1415 1459 1628
elimination
422 1015
promise
424 1465
pool
424
n-th
425
tribonacci
425
mice
426
cheese
426
edges
428 951
degrees
428
optimal
430 1383
erasure
431
previous
432
html
434
entity
434
days
435 444 941 1147 1646
m
435
bouquets
435
divisions
436
highest
436 515 792 1152 1155 1389
jewels
438
appeal
439
rearrange
440 480 597 913 1322 1339 1530
reaching
441
validate
443 472 746
prison
444
cells
444 596 856 1161 1323 1468
zigzag
445 483 688 1256 1539
level
445 607 673 1482 1621
divisibility
446 1560
parenthesis
447
inside
448 722 739
circle
448 570 722 819 1209
swim
449
rising
449
stack
450 746 1167 1333
tile
451
possibilities
451
through
452 929 1151
deleting
452 843
similar
453 583 1527
ascending
454 1456
spellchecker
455
counter
457 1023
lists
459 803 1035 1633 1665
take
460 486
left
460 537 553 1002
right
460 537 731 881 1225 1480
underground
462
system
462 709 955 971 1136 1375 1424 1625
n-ary
463 607 723 729
prefixes
465 814
minimal
467
booking
468
concert
468
tickets
468 508
decoded
469
min
470 1104
balanced
471 560 740 815 886 1415
ip
472 1038
address
472 1038
well-performing
473
maximal
474 1334
applying
474 978
sub
475
2
476 874 1529
keys
476 1048
keyboard
476 619
recolors
477
black
477
blocks
477
replace
479 815 916 1225 1267 1343 1421 1488 1521
id
479
identifier
479
table
480 490 942 1083
data
481 901 989 1010 1245
twin
482
conversion
483
subset
484 546 818 1163
totals
484
allocated
485
children
485 1098 1515
gifts
486
richest
486 788
pile
486
redistribute
487
process
489 1640
display
490
food
490 1625
restaurant
490
watch
492
flatten
493 780 1211 1292
prototype
495
bit
497 1297 1341 1634
keep
498
multiplying
498
earn
499 1433
satisfiability
500
equality
500
equations
500
median
501 986 989 1504
calculate
502 1106 1199
delayed
502
arrival
502
t
503
seconds
503
online
504 1556
stock
504 791 847 1062 1192 1532 1565 1622
span
504
finding
506 785 1221
mk
506
plus
510
sign
510 597 1568
interchangeable
511
rectangles
511 1095 1227
increments
513 939
final
514 1164 1677
encode
516
decode
516 1412 1680
tinyurl
516
english
518 1305
deepest
519 1183
harvested
520
recipes
522
supplies
522
race
523
car
524 1388 1608
fleet
524 1608
diff
525
less
525 584 1597
limit
525 594 693 992 1220 1465
incremental
531
leak
531
transform
532 1109 1317
chessboard
532 758 1251
defuse
533
bomb
533
trips
534 959 1072
human
535
traffic
535
stadium
535
differences
537 869 878 1484
items
538 1155 1439 1490 1527
respecting
538
dependencies
538
pancake
539
sorting
539 579
objects
541 1484
authentication
542
manager
542 958
widths
545
reduction
547
vertices
549
rabbits
550
forest
550 735
adding
551 602 1000 1541
spaces
551
wildcard
552
matching
552 713 914 1030 1286 1490
leaves
553 1183
non-negative
556 567
intersection
559 979 1074 1179
least
559 575 702 892 1304 1411 1455 1458 1579
balls
561 776 992 1011
box
561 642 1090 1191
players
562 712 713 1496
skill
562
monotone
565 1243
without
567 1031 1239 1552
ix
568
cuts
570 1444
backlog
571
nested
572 780 1292
generator
572
crossing
573 1314
rational
574
others
575
depth
577 723 777 895 1645
min-product
578
cyclically
580
rotating
580 1090
alphabetical
581
separate
582
percentage
586 1362 1573
brace
591
expansion
591
truncate
592
include
595
colored
596 614 776
koko
598
eating
598
bananas
598
arrows
600
inserter
601
1
605 1440
bits
605 1042 1269 1557 1569
leaf-similar
608
insertions
609
balance
609 1117
containing
610 708 931 1095 1184
tic
611
tac
611
toe
611
select
612
buildings
612
pieces
614
both
614
neighbors
614
color
614 617 633 1251
boxes
615 1011 1037 1252
zeroes
618 672 677
3-same-digit
621
stacking
623
cuboids
623
accounts
624
3sum
627 1115 1208
subtract
628
available
629
captures
629
rook
629
sets
630 846
non-decreasing
631 773 1604
sales
632 967 1410 1413
person
632 1270
adjacent
633 910 1212 1313 1446 1664
moment
635
before
635 907 1649
ants
635
fall
635
plank
635
magical
636 1342
vii
637 961
zuma
638
categorize
642
according
642 1469
criteria
642
break
643 888 1276 1629
swaps
644 1018 1212 1237 1366 1564 1594 1664
parity
644 1097 1457
their
648 1191
domino
651 976
1d
652 1426
falling
654 1198 1636
whose
655 833 1163
triplets
656 738 1006 1058 1114 1586
minimums
657
ransom
658
note
658
profitable
659 1656
schemes
659
full
662 668 755 1078 1606
rounds
662 712 1108
played
662
friend
664
ii:
664
who
664
friends
664
symmetric
666
sliding
667 893 986
recover
669
getting
670
fresh
670
donuts
670
island
671 1522
perimeter
671 1546
preimage
672
factorial
672
it
674 1561
straight
674
strange
675
printer
675
running
676 1426
computers
676
01
679
occurrence
680
rings
682
rods
682
relative
683 1524
ranks
683
vowels
684 708 790 954 1340
distant
689
barcodes
689
floored
690
message
693
regions
694 1019
slashes
694
collisions
695 1502
road
695
snail
696
match
697 716 1016
piles
698
statements
701
rotations
703
shopping
704
offers
704
dining
706
philosophers
706
counts
708 1262
simple
709
bank
709 782
cross
711
earliest
712 1078
latest
712 1264
compete
712
trainers
713
quality
714 1362
marked
715
similarity
717
lattice
722
washing
724
machines
724
destroying
725
asteroids
725
di
728 1016 1230
postorder
729 750 1250 1428
populating
731 881
pointers
731 881
return
735 1638
perfect
736 1235 1302 1344
rectangle
736 799 819 1319 1393 1571 1661
there
737 1226 1487
triplet
738 1471
darts
739
dartboard
739
cracking
741
safe
741
inorder
742 750
k-group
743
advantage
744
source
745
project
748
employees
748 766 957
infected
749
chunked
752
decomposition
752
salary
753 1178 1356 1356
reorder
754 901 1396
routes
754
lead
754
bloom
755 1078
date
756 820
every
757 1572
contains
757 1175
lfu
760
win
761 1384 1491
triangle
762 887 1224 1510 1546 1644
gcds
764
changes
765
invited
766
meeting
766 937 1255
compatibility
767
trapping
769 1639
rain
769 1639
jug
771
problem
771
texts
774
patching
775
sell
776 791 847 1192 1532 1565
diminishing-valued
776
generate
778 1209 1222 1262
laser
782
beams
782
certain
785
reconstruction
786
foobar
787
alternately
787 1673
wealth
788
buy
791 847 928 1192 1532 1565
transaction
791
fee
791
battleships
793
coloring
795
wrapper
801
tilt
802
covering
803 1414
service
805
centre
805
price
806 959 1054 1062 1155
module
809
close
810
levels
811 917
kids
812
mutation
816
overlapping
819 1260
sold
820
put
821
marbles
821
bags
821 1606
visit
822
cell
822
neighboring
823
apples
827
asteroid
828
collision
828
second
830 1061 1142
text
831
editor
831
combinations
832
buying
834
discount
834 1164 1387 1572
subtracting
835
amounts
835
basic
836
losers
838
modify
840
weights
840
1's
843 1237 1304
cancellable
844
copy
848
pointer
848
when
851
becomes
851
idle
851
parts
853 1566
tweets
854
contaminated
857
bag
859 992
tokens
859
escape
861 1472
spreading
861
fire
861
4sum
862 1181
weighted
867
subgraph
867
required
867 907
solving
868 956
math
868
parse
870
lisp
870
bsts
872
reordered
874
pow(x,
875
n)
875
repair
885
cars
885 1184
numerically
886
pascal's
887 1644
temperature
889
distances
890 1581
tic-tac-toe
891
state
891
operators
892 1663
express
892
puzzle
893
ors
894
factor
897 1477
achievable
898
transfer
898
pivot
899 1469 1474
brick
900
wall
900
log
901
files
901
consistent
902
encrypt
903
decrypt
903
arranging
904
rotated
906 924 980
money
907 1515
transactions
907
restricted
908
k-subarray
909
sticks
913 913
hamming
915 1159
assign
918
cookies
918
debounce
920
mutable
921
archery
922
bracket
927
pens
928
pencils
928
instructions
929 1517 1620
widest
931
area
931 1064 1135 1319 1444 1522 1571
parallel
933 991
courses
933 991
rungs
934
white
936 1414
tiles
936 1414
carpet
936
skips
937
spent
941
together
941 1237
fix
942
names
942 1254
toeplitz
944
orderly
945
degree
947 1160
connected
947
trio
947
ramp
948
suffix
950 1238 1517
flips
950 1297 1341 1398 1588
critical
951
pseudo-critical
951
spanning
951
mutating
952
nim
953
folders
955
questions
956
brainpower
956
needed
957 1322
inform
957
reservation
958
reshape
962
bitwise-or
963
describe
964
painting
964 1279
deviation
965
identical
969
suggestions
971
disjoint
973 1010
itinerary
975
tromino
976
tiling
976 1393
skiplist
981
refueling
982
window
986
powers
990 1063
rooms
993 1255
ant
993
colony
993
sub-tree
994
label
994
ugly
995 1041 1430 1434
watering
996
plants
996
daily
998 1657
temperatures
998
additive
999
such
1001
bottom
1002
middle
1007 1327
trim
1008
mountain
1009 1380 1554 1612
having
1011
map
1012 1389
artifacts
1013
extracted
1013
multiply
1014
obstacles
1015
wear
1017
hats
1017
other
1017
surrounded
1019
cat
1021
mouse
1021
type
1024
sufficient
1028
lengths
1029
aaa
1031
bbb
1031
serialize
1032 1143
deserialize
1032 1143
fizz
1034
buzz
1034
decreasing
1036 1431
delivering
1037
storage
1037
ports
1037
defanging
1038
concatenating
1040 1296
frogs
1044
croaking
1044
stay
1046
heaters
1049
squares
1050 1053 1235 1393 1636
selling
1054
univalue
1055
wraparound
1056
detonate
1057
bombs
1057
baseball
1059
smoother
1060
fluctuation
1062
surface
1064
3d
1064 1135
shapes
1064 1135
simplified
1066
fractions
1066
fuel
1067
report
1067
local
1068 1683
immutable
1070 1253
day
1078
home
1079
visiting
1080
peak
1081 1380 1389
wiggle
1082 1145
rotting
1084
oranges
1084
walking
1086
complement
1087
remapping
1088
dot
1091
diameter
1092
colors
1093 1279
erect
1102
fence
1102
curry
1103
climbing
1104
stairs
1104
bonus
1106 1274
competitive
1107
mismatch
1111
multiple
1112 1150 1169 1179
multiplicity
1115
k-beauty
1116
population
1118
year
1118
viii
1123
uncrossed
1124
clock
1125
streak
1126
hashmap
1128
swapping
1131
projection
1135
file
1136 1200 1254
lcm
1137
prefix-aligned
1138
chunks
1139 1283
fancy
1146
user
1147
activity
1147
past
1147
30
1147
formation
1151
email
1153
addresses
1153
happy
1154 1325 1400
ranked
1155
impossible
1157
unguarded
1161
favorite
1163
companies
1163
prices
1164 1387
shop
1164 1197
punishment
1165
classes
1166
5
1166 1579
division
1168 1383
starting
1170
peeking
1172
codes
1175
mutated
1176
categories
1178
constrained
1180
marking
1182
lowest
1183
illegal
1184
goods
1184
bigram
1185
changing
1189 1204
transformation
1190
location
1191
penalty
1197
input
1202
predict
1203
statistics
1207
large
1207
sample
1207
profit
1210
job
1210
scheduling
1210
multilevel
1211
doubly
1211
everyone
1213
restore
1215
recent
1216
calls
1216
bottles
1219
repeat
1220
active
1221
minutes
1221
judgement
1224
side
1225 1597
broken
1231
double
1232
reversal
1232
triangular
1233
multiples
1234
floors
1239 1239 1529
o`one
1245
structure
1245
trailing
1248
cornered
1248
pseudo-palindromic
1249
making
1254
decrease
1256
deque
1259
special-equivalent
1261
login
1264
2020
1264
snakes
1265
ladders
1265
disconnect
1268
fit
1270
bus
1270
observations
1272
town
1273
judge
1273
satisfying
1275
inequality
1275
132
1277
reinitialize
1278
handling
1281
update
1281
investments
1285
2016
1285
regular
1286
homogenous
1290
deeply
1292
eliminate
1293
monsters
1293
performance
1298
places
1304
away
1304
blacklist
1306
gas
1308
station
1308
matchsticks
1309
throttle
1311
lr
1313
reducing
1316
dishes
1316
over
1317
call
1321 1643
custom
1321 1637
context
1321
visited
1323
length-3
1324
delivery
1326
options
1326
front
1327
back
1327
object
1329 1610
json
1329 1583
rearranged
1330
senior
1332
citizens
1332
replacements
1335
numeric
1336
superstring
1337
scores
1338 1632
built
1338
will
1343
chalk
1343
k-increasing
1345
inverse
1350
patients
1351
excluding
1356
solution
1358
replacing
1361
removable
1363
capitalize
1367
title
1367
bad
1368 1599
version
1368
odds
1370
russian
1371
doll
1371
envelopes
1371
logical
1372
grids
1372
represented
1372
quad-trees
1372
sudoku
1373 1429
solver
1373
movie
1375
rental
1375
burgers
1377
waste
1377
ingredients
1377
generated
1378
univalued
1382
hours
1384
training
1384
referee
1385
queens
1386
attack
1386
king
1386
pooling
1388
pangram
1391
averages
1392
fewest
1393
corresponding
1395
clone
1395 1576
complex
1397
24
1402
stickers
1408
spell
1408
provinces
1409
carpets
1414
confirmation
1416
rate
1416
emitter
1417
harmonious
1419
hello
1420
world
1420
non-coprime
1421
k-distant
1423
parking
1424
snapshot
1435
origin
1438 1638
sender
1441
piece
1444
cake
1444
horizontal
1444
non-increasing
1445
gcd
1447
implement
1449 1671
travellers
1450
cameras
1451
loud
1453
rich
1453
coprime
1459
fruit
1460
baskets
1460
k-diff
1463
disappeared
1464
happiness
1466
alphabet
1467
excel
1468
sheet
1468
pressed
1470
name
1470
ghosts
1472
filter
1473
couples
1476
holding
1476
hands
1476
component
1477
stamping
1478 1600
subpath
1479
stick
1481
utf-8
1485
validation
1485
squareful
1486
step
1489 1489
rule
1490
lonely
1493
counting
1494 1569
corporate
1495
flight
1495
bookings
1495
losses
1496
exchange
1498
seats
1498
dividing
1499
how
1501
many
1501
current
1501
monkeys
1502
polygon
1502
cinema
1503
allocation
1503
(atoi)
1507
reorganize
1512
sleep
1513
quadruplets
1514
execution
1517
staying
1517
hash
1519
mirror
1526
reflection
1526
egg
1529 1585
drop
1529 1585
eggs
1529
freedom
1531
trail
1531
cooldown
1532
verify
1533
serialization
1533
contain
1534
virus
1534
exit
1535
entrance
1535
maze
1535
say
1537
labelled
1539
powered
1540
negabinary
1541
anagram
1542
ideal
1543
exclusive
1547
functions
1547
transpose
1548
weight
1549
symbol
1551
grammar
1551
features
1553
popularity
1553
election
1556
hire
1559 1651
workers
1559 1651
k-length
1563
contest
1573
additions
1574
boats
1575
save
1575
new
1577
21
1577
managers
1579
direct
1579
reports
1579
chunk
1582
deep
1583
xor-beauty
1584
big
1592
countries
1592
arrange
1594
hexadecimal
1595
removed
1602
capacity
1606
rocks
1606
instance
1610
class
1610
mysterious
1613
twitter
1614
tallest
1616
billboard
1616
coprimes
1617
avoid
1618
furthest
1619
smooth
1622
descent
1622
periods
1622
unable
1623
eat
1623
lunch
1623
rating
1625
k-similar
1627
boomerangs
1630
per
1640
allow
1643
dates
1646
awesome
1647
a's
1649
appears
1649
b's
1649
connectivity
1654
comments
1655
leads
1657
partners
1657
palindromes
1659
larger
1661
pairings
1662
enemy
1666
forts
1666
captured
1666
strength
1669
wizards
1669
rand10()
1671
rand7()
1671
confusion
1674
variable
1677
earnings
1679
taxi
1679
traveled
1682
global
1683
inversions
1683
